6 666 666 666 + 8 963 459 789
8 963 459 789
8 963 459 789
8 963 459 789 * 6 666 666 666
15 630 126 455
15 630 126 455 - 11 897 654 123
59756398587357693474 / 6 666 666 666

11 897 654 123 - 15 630 126 465
8 963 459 789
8 963 459 789 * 15
2222222222222222222222222222222222222222222222222222222222222222222222222222222 / 2
2222222222222222222222222222222222222222222222222222222222222222222222222222222 * 2
2222222222222222222222222222222222222222222222222222222222222222222222222222222 - 2
2222222222222222222222222222222222222222222222222222222222222222222222222222222 + 2
222222222222222222222222222222 / 3
333333333333333333333333333333 / 3